10.6 519.2 110.3
10.6 518.1 110.1
10.6 519.6 109.9
10.6 517.9 108.9
10.7 518 109.2
10.8 509.2 120.3
10.9 512.1 100.1
10.3 515.6 109.3
10.2 507.9 107.9
10.1 518 108.2
11.6 519.2 110.3
9.6 518.1 110.1
10.2 519.6 109.9
10.1 517.9 108.9
10.0 518 109.2
10.8 509.2 120.3
10.9 512.1 100.1
10.3 515.6 109.3
10.2 507.9 107.9
10.1 518 108.2
210.6 51.2 110.3
210.6 51.1 110.1
210.6 51.6 109.9
210.6 51.9 108.9
210.7 51 109.2
210.8 50.2 120.3
210.9 51.1 100.1
210.3 51.6 109.3
210.2 50.9 107.9
210.1 51 108.2
211.6 51.2 110.3
209.6 51.1 110.1
210.2 51.6 109.9
210.1 51.9 108.9
210.0 51 109.2
210.8 50.2 120.3
210.9 51.1 100.1
210.3 51.6 109.3
210.2 50.9 107.9
210.1 51 108.2
